#
#
#  Percent Identity  Matrix - created by Clustal2.1 
#
#

     1: 35|Random|SIVmnd2.txt               100.00   17.73   16.60   12.57   15.30   12.05   15.53   12.53    9.24   11.58   12.32   15.01    8.56   10.36    9.36    7.97    9.27   10.10   11.54    9.13   10.65    7.87    7.17    8.58    8.18    8.44    8.66    8.98    7.24   10.68    8.98   10.40    8.62    7.82    8.63    8.23    9.12    9.26    9.43    9.19   10.81    9.89    7.22    9.12
     2: 8|Random|HIV                         17.73  100.00   19.23   14.75   11.04   13.64   13.70   10.27   13.88   12.10   12.02   10.47   11.76   11.33    9.13   11.56    8.58    8.62    8.89   11.94    8.85   10.14   11.11   11.35   11.24    9.89    7.02    7.81    8.36    9.84   10.90   11.80   10.37    7.48   11.88    8.93    9.82   10.51   11.06   12.50    9.63    9.24   10.17    9.68
     3: 22|Random|SIV.txt                    16.60   19.23  100.00   12.88   13.50   14.14   13.76   11.11   11.34   12.79   11.11   10.24   10.50    9.54    8.30    9.47    9.59   10.16    8.63    9.24    7.25   10.20   10.20    8.41    8.77    9.57    7.92   10.34    8.54   12.00   10.91   10.81   10.83   12.65    8.08    8.72    9.47    7.44    8.95    7.82    8.88   12.86   13.16   11.15
     4: 23|Random|SIV.txt                    12.57   14.75   12.88  100.00   15.31   16.38   16.42   11.43   11.48   12.29    9.75   13.25   11.01   10.27    6.36   12.45    9.19   11.59   12.64    5.88    7.49   11.44    9.13    9.85   10.34   13.30    6.42   11.21    7.43    9.55   12.85   10.79    8.68   11.61   13.31   11.51    7.45    7.72   10.61   10.38    8.50   10.67   11.53   11.49
     5: 3|Random|HIV                         15.30   11.04   13.50   15.31  100.00   17.53   19.76   11.86    9.49   10.76    8.88   11.75    8.44   10.89    7.48    9.80    9.02   11.91   11.30    8.07   10.51    8.96    8.14   11.07    9.89   10.36    9.66    7.79    8.02   10.85   10.96    4.74    9.01    5.45    8.12    8.30   10.26    8.72   12.84    7.35    7.88    9.54    8.94    7.96
     6: 32|Random|SIVmnd2.txt                12.05   13.64   14.14   16.38   17.53  100.00   19.32   10.51    9.44    9.34    8.97   13.01   12.31   16.58    9.96    9.76    9.24    8.11   10.81   11.35    8.73    8.39   10.48   10.16   13.35   10.86   11.97    7.85   11.83    7.77    7.00   13.26    6.36    9.80    7.36   11.31   10.66    6.48    7.83   10.89    8.92   11.76   11.47    7.53
     7: 40|Random|SIVmnd2.txt                15.53   13.70   13.76   16.42   19.76   19.32  100.00   11.65   11.16   11.03   10.86   13.02   11.46   11.11    7.17    8.70   10.96    6.83   10.36    9.81    8.33    8.18   10.36    9.26    9.15    7.77   11.73   12.44    8.75    9.80    8.86    9.13    6.73    7.08    5.44    6.30    9.49    9.02   11.11    7.20   10.59    8.37   10.74   13.12
     8: lcl|NC_001802.1_prot_NP_057856.1_8   12.53   10.27   11.11   11.43   11.86   10.51   11.65  100.00   32.69   34.96   36.69   13.71   13.37    9.34    9.33    6.83    9.17    6.13    8.63    8.91    9.21   10.24   10.69    7.02   11.02    9.60    8.74    9.02    9.06    8.87    7.74    9.12   10.84   12.78    9.69    7.35    8.27    8.92   11.20   11.36    6.79    8.26    8.75    7.23
     9: lcl|NC_004455.1_prot_NP_758892.1_7    9.24   13.88   11.34   11.48    9.49    9.44   11.16   32.69  100.00   36.33   36.40   15.77   16.24   10.78    8.77    8.66    8.53    8.83   11.83    9.43    9.06   11.11    9.35   10.25   11.51   10.17    8.17    9.68    8.55   12.33    9.44   10.83   10.41    9.13   11.46    8.81   10.00   10.58    9.69   12.73    9.02   10.57   10.34    8.23
    10: lcl|NC_001722.1_prot_NP_056844.1_8   11.58   12.10   12.79   12.29   10.76    9.34   11.03   34.96   36.33  100.00   47.23   15.12   14.87    9.69    7.89   10.14    9.49    9.52   10.15    7.20    8.59   11.35    9.85    9.28    8.44    9.31   10.14    9.70   11.52   10.67    9.94   11.71    8.89    9.60    9.75    9.93   10.84   11.49   10.63   10.71    7.69   11.62    8.81   12.55
    11: lcl|NC_001549.1_prot_NP_054372.1_5   12.32   12.02   11.11    9.75    8.88    8.97   10.86   36.69   36.40   47.23  100.00   14.23   12.61    9.92    8.73   10.95   11.07    6.23   12.60    7.87    9.41    8.97    9.32    7.88    6.48    9.34   10.10    8.78    8.71   11.30    8.19   12.57    9.30   10.26    9.61    8.27   10.38   12.96    8.02   11.97    7.63    8.06    9.73   11.46
    12: 9|Random|HIV                         15.01   10.47   10.24   13.25   11.75   13.01   13.02   13.71   15.77   15.12   14.23  100.00   18.33   13.78   10.20   11.51   10.44    8.79   10.45    8.78   10.08   10.82    9.34   10.38    9.77   11.57   10.53   10.24   12.45   11.84   11.22   10.49    8.53    9.60    9.44    8.59    8.33    8.76    9.35    9.85   12.55   11.07   15.04    9.93
    13: 19|Random|HIV                         8.56   11.76   10.50   11.01    8.44   12.31   11.46   13.37   16.24   14.87   12.61   18.33  100.00    9.77    9.70   10.60    8.94    7.31    8.27    9.69    9.83   11.99    9.60   10.84    8.37   11.33    7.11    7.98    9.27    7.78    7.54    7.38    8.00    6.82    8.30   10.38   10.65   11.30    8.47    7.27    8.97    8.37   11.19    8.80
    14: 28|Random|SIV.txt                    10.36   11.33    9.54   10.27   10.89   16.58   11.11    9.34   10.78    9.69    9.92   13.78    9.77  100.00   16.08   15.71   16.54   16.43   15.58   12.16   14.24   11.69   11.41   16.52   15.17   13.02    9.71    8.38   11.18   10.81    8.24   10.10    8.42    9.63    8.55   12.00   11.68    9.09    8.95   10.53    9.01   13.70   10.55   14.74
    15: 18|Random|HIV                         9.36    9.13    8.30    6.36    7.48    9.96    7.17    9.33    8.77    7.89    8.73   10.20    9.70   16.08  100.00   17.31   15.23   14.40   15.07    9.90   11.78   13.43   12.87   13.33   11.99   15.21    6.69    9.56   11.76    9.76    8.65   11.73   10.74   11.54   10.23   10.10    9.43    8.52   10.84    9.25    7.81    7.14    7.67    6.75
    16: 14|Random|HIV                         7.97   11.56    9.47   12.45    9.80    9.76    8.70    6.83    8.66   10.14   10.95   11.51   10.60   15.71   17.31  100.00   13.90   15.79   16.90   10.61   12.06   12.11   13.33   13.15   11.17   11.47   10.00    8.23    9.92   11.00   10.39   10.57    9.51    8.03   11.11   10.26   11.51    8.24    9.34    9.27   12.65   10.94    7.72   12.65
    17: 20|Random|HIV                         9.27    8.58    9.59    9.19    9.02    9.24   10.96    9.17    8.53    9.49   11.07   10.44    8.94   16.54   15.23   13.90  100.00   17.61   18.71   12.42   11.51   12.47   11.31   12.84   11.54   12.83    9.36   10.07   10.32    9.02   11.69   11.52    7.72    7.77    8.75   10.70    9.42    7.06    7.69   10.44   10.80    8.36    9.21    9.97
    18: 2|Random|HIV                         10.10    8.62   10.16   11.59   11.91    8.11    6.83    6.13    8.83    9.52    6.23    8.79    7.31   16.43   14.40   15.79   17.61  100.00   20.20   10.54    9.60    9.77   11.42   11.03   10.40    8.02   10.08    9.57   10.91   10.93    9.81    9.36    9.49    7.84   12.04   11.34   10.71    6.79   10.06    8.94    8.65    8.94    9.06    9.09
    19: 16|Random|HIV                        11.54    8.89    8.63   12.64   11.30   10.81   10.36    8.63   11.83   10.15   12.60   10.45    8.27   15.58   15.07   16.90   18.71   20.20  100.00   11.65   10.39   10.42    8.18   13.61   10.93    9.56    8.47    9.02    9.47    7.94    8.99   11.19    8.46    9.65    8.82    9.27   13.88    8.63   12.08   10.19    9.03   10.67    7.10    8.48
    20: 29|Random|SIV.txt                     9.13   11.94    9.24    5.88    8.07   11.35    9.81    8.91    9.43    7.20    7.87    8.78    9.69   12.16    9.90   10.61   12.42   10.54   11.65  100.00   15.68   13.56   14.73   15.57   16.88   13.08    8.54   10.71    8.30    8.00   10.68    9.46    5.93    7.41    8.93    8.93    9.89    6.88   11.64    9.54    8.24    9.20    9.73    9.36
    21: 15|Random|HIV                        10.65    8.85    7.25    7.49   10.51    8.73    8.33    9.21    9.06    8.59    9.41   10.08    9.83   14.24   11.78   12.06   11.51    9.60   10.39   15.68  100.00   17.64   15.90   15.28   16.53   14.34   12.71    9.09   10.77    9.60    8.90   10.33   10.70    8.18    8.61    7.39   10.16   10.44    9.18   10.00    9.34    9.18    8.23   10.43
    22: 11|Random|HIV                         7.87   10.14   10.20   11.44    8.96    8.39    8.18   10.24   11.11   11.35    8.97   10.82   11.99   11.69   13.43   12.11   12.47    9.77   10.42   13.56   17.64  100.00   17.61   17.26   15.28   11.94    9.20   13.59    8.26    8.46    9.66   11.88    8.89    8.51    9.35   10.99   10.57   10.63   10.81    9.17   11.16   11.97    8.86   10.51
    23: 34|Random|SIVmnd2.txt                 7.17   11.11   10.20    9.13    8.14   10.48   10.36   10.69    9.35    9.85    9.32    9.34    9.60   11.41   12.87   13.33   11.31   11.42    8.18   14.73   15.90   17.61  100.00   16.26   18.21   10.98    7.81   10.88    8.92    9.30    6.55   12.30    8.20    9.78   11.07   14.72   11.90   11.64   13.31   15.77    9.96    9.16    8.33   11.90
    24: 25|Random|SIV.txt                     8.58   11.35    8.41    9.85   11.07   10.16    9.26    7.02   10.25    9.28    7.88   10.38   10.84   16.52   13.33   13.15   12.84   11.03   13.61   15.57   15.28   17.26   16.26  100.00   21.49   10.26    9.57    9.61   10.81    9.57    9.27   11.72    7.58    6.99   11.00   10.38   10.99    8.27    9.85   10.51    6.41   11.76    9.68    8.56
    25: 26|Random|SIV.txt                     8.18   11.24    8.77   10.34    9.89   13.35    9.15   11.02   11.51    8.44    6.48    9.77    8.37   15.17   11.99   11.17   11.54   10.40   10.93   16.88   16.53   15.28   18.21   21.49  100.00   10.00   13.08   10.32   11.47    9.68    9.70   11.26    9.13    9.73   14.13    9.67   13.23    9.92   10.39    9.26   11.20    9.30   10.18   11.20
    26: 13|Random|HIV                         8.44    9.89    9.57   13.30   10.36   10.86    7.77    9.60   10.17    9.31    9.34   11.57   11.33   13.02   15.21   11.47   12.83    8.02    9.56   13.08   14.34   11.94   10.98   10.26   10.00  100.00   16.63   19.38   15.79   14.29   11.70   11.09   11.38   11.82   12.34   11.79   10.81    9.15    8.91    9.89   10.63   10.49   11.79   11.22
    27: 12|Random|HIV                         8.66    7.02    7.92    6.42    9.66   11.97   11.73    8.74    8.17   10.14   10.10   10.53    7.11    9.71    6.69   10.00    9.36   10.08    8.47    8.54   12.71    9.20    7.81    9.57   13.08   16.63  100.00   17.37   14.78   16.13   10.16   11.75    9.83   10.45    8.19    9.97   15.62   11.19    8.28    8.56   11.53   10.22    8.50    9.23
    28: 36|Random|SIVmnd2.txt                 8.98    7.81   10.34   11.21    7.79    7.85   12.44    9.02    9.68    9.70    8.78   10.24    7.98    8.38    9.56    8.23   10.07    9.57    9.02   10.71    9.09   13.59   10.88    9.61   10.32   19.38   17.37  100.00   17.11   18.56    9.66   14.33   12.88   11.31   12.91   11.11   13.00   15.18    8.93   11.91    9.97    8.75    9.14   11.25
    29: 21|Random|SIV.txt                     7.24    8.36    8.54    7.43    8.02   11.83    8.75    9.06    8.55   11.52    8.71   12.45    9.27   11.18   11.76    9.92   10.32   10.91    9.47    8.30   10.77    8.26    8.92   10.81   11.47   15.79   14.78   17.11  100.00   20.44   11.37    9.51   10.96   11.53   11.23    8.93   13.66    9.60   11.01   11.14   12.39   12.03    8.98    8.73
    30: 39|Random|SIVmnd2.txt                10.68    9.84   12.00    9.55   10.85    7.77    9.80    8.87   12.33   10.67   11.30   11.84    7.78   10.81    9.76   11.00    9.02   10.93    7.94    8.00    9.60    8.46    9.30    9.57    9.68   14.29   16.13   18.56   20.44  100.00   12.86   10.69   12.43   10.11   13.78   11.62    9.30   10.56   10.37    8.84   11.60   13.51    9.70   10.62
    31: 10|Random|HIV                         8.98   10.90   10.91   12.85   10.96    7.00    8.86    7.74    9.44    9.94    8.19   11.22    7.54    8.24    8.65   10.39   11.69    9.81    8.99   10.68    8.90    9.66    6.55    9.27    9.70   11.70   10.16    9.66   11.37   12.86  100.00   19.71   10.27   11.61   15.07   15.24   16.73   11.83   12.22   16.83   13.67   10.67   14.86   11.88
    32: 30|Random|SIV.txt                    10.40   11.80   10.81   10.79    4.74   13.26    9.13    9.12   10.83   11.71   12.57   10.49    7.38   10.10   11.73   10.57   11.52    9.36   11.19    9.46   10.33   11.88   12.30   11.72   11.26   11.09   11.75   14.33    9.51   10.69   19.71  100.00   11.40   11.81   15.06   16.07   16.87   12.72   15.49   14.53   14.16   10.89   14.84   11.36
    33: 1|Random|HIV                          8.62   10.37   10.83    8.68    9.01    6.36    6.73   10.84   10.41    8.89    9.30    8.53    8.00    8.42   10.74    9.51    7.72    9.49    8.46    5.93   10.70    8.89    8.20    7.58    9.13   11.38    9.83   12.88   10.96   12.43   10.27   11.40  100.00   21.18   14.10   10.26   11.14   12.87   11.69   14.36   11.75   12.44   10.51   10.42
    34: 27|Random|SIV.txt                     7.82    7.48   12.65   11.61    5.45    9.80    7.08   12.78    9.13    9.60   10.26    9.60    6.82    9.63   11.54    8.03    7.77    7.84    9.65    7.41    8.18    8.51    9.78    6.99    9.73   11.82   10.45   11.31   11.53   10.11   11.61   11.81   21.18  100.00   15.14   10.42   16.62   11.60   12.92   15.72   10.08   14.85   14.14   11.40
    35: 24|Random|SIV.txt                     8.63   11.88    8.08   13.31    8.12    7.36    5.44    9.69   11.46    9.75    9.61    9.44    8.30    8.55   10.23   11.11    8.75   12.04    8.82    8.93    8.61    9.35   11.07   11.00   14.13   12.34    8.19   12.91   11.23   13.78   15.07   15.06   14.10   15.14  100.00   12.47   16.45   14.25   14.25   15.31   12.05   15.49   16.91   16.86
    36: 38|Random|SIVmnd2.txt                 8.23    8.93    8.72   11.51    8.30   11.31    6.30    7.35    8.81    9.93    8.27    8.59   10.38   12.00   10.10   10.26   10.70   11.34    9.27    8.93    7.39   10.99   14.72   10.38    9.67   11.79    9.97   11.11    8.93   11.62   15.24   16.07   10.26   10.42   12.47  100.00   17.89   14.11   15.63   16.26   12.97   14.65   13.49   14.35
    37: 17|Random|HIV                         9.12    9.82    9.47    7.45   10.26   10.66    9.49    8.27   10.00   10.84   10.38    8.33   10.65   11.68    9.43   11.51    9.42   10.71   13.88    9.89   10.16   10.57   11.90   10.99   13.23   10.81   15.62   13.00   13.66    9.30   16.73   16.87   11.14   16.62   16.45   17.89  100.00   15.22   13.79   16.96   15.31   16.99   13.70   16.58
    38: 5|Random|HIV                          9.26   10.51    7.44    7.72    8.72    6.48    9.02    8.92   10.58   11.49   12.96    8.76   11.30    9.09    8.52    8.24    7.06    6.79    8.63    6.88   10.44   10.63   11.64    8.27    9.92    9.15   11.19   15.18    9.60   10.56   11.83   12.72   12.87   11.60   14.25   14.11   15.22  100.00   16.09   14.47   14.85   15.15   14.32   15.82
    39: 7|Random|HIV                          9.43   11.06    8.95   10.61   12.84    7.83   11.11   11.20    9.69   10.63    8.02    9.35    8.47    8.95   10.84    9.34    7.69   10.06   12.08   11.64    9.18   10.81   13.31    9.85   10.39    8.91    8.28    8.93   11.01   10.37   12.22   15.49   11.69   12.92   14.25   15.63   13.79   16.09  100.00   17.37   15.49   16.83   18.51   16.37
    40: 33|Random|SIVmnd2.txt                 9.19   12.50    7.82   10.38    7.35   10.89    7.20   11.36   12.73   10.71   11.97    9.85    7.27   10.53    9.25    9.27   10.44    8.94   10.19    9.54   10.00    9.17   15.77   10.51    9.26    9.89    8.56   11.91   11.14    8.84   16.83   14.53   14.36   15.72   15.31   16.26   16.96   14.47   17.37  100.00   15.59   16.59   19.05   17.06
    41: 4|Random|HIV                         10.81    9.63    8.88    8.50    7.88    8.92   10.59    6.79    9.02    7.69    7.63   12.55    8.97    9.01    7.81   12.65   10.80    8.65    9.03    8.24    9.34   11.16    9.96    6.41   11.20   10.63   11.53    9.97   12.39   11.60   13.67   14.16   11.75   10.08   12.05   12.97   15.31   14.85   15.49   15.59  100.00   15.61   15.50   14.55
    42: 37|Random|SIVmnd2.txt                 9.89    9.24   12.86   10.67    9.54   11.76    8.37    8.26   10.57   11.62    8.06   11.07    8.37   13.70    7.14   10.94    8.36    8.94   10.67    9.20    9.18   11.97    9.16   11.76    9.30   10.49   10.22    8.75   12.03   13.51   10.67   10.89   12.44   14.85   15.49   14.65   16.99   15.15   16.83   16.59   15.61  100.00   16.23   20.28
    43: 6|Random|HIV                          7.22   10.17   13.16   11.53    8.94   11.47   10.74    8.75   10.34    8.81    9.73   15.04   11.19   10.55    7.67    7.72    9.21    9.06    7.10    9.73    8.23    8.86    8.33    9.68   10.18   11.79    8.50    9.14    8.98    9.70   14.86   14.84   10.51   14.14   16.91   13.49   13.70   14.32   18.51   19.05   15.50   16.23  100.00   20.95
    44: 31|Random|SIVmnd2.txt                 9.12    9.68   11.15   11.49    7.96    7.53   13.12    7.23    8.23   12.55   11.46    9.93    8.80   14.74    6.75   12.65    9.97    9.09    8.48    9.36   10.43   10.51   11.90    8.56   11.20   11.22    9.23   11.25    8.73   10.62   11.88   11.36   10.42   11.40   16.86   14.35   16.58   15.82   16.37   17.06   14.55   20.28   20.95  100.00
